147.52548283 -131.26465512
144.09082583 -97.20680315
146.00746205 -62.74302992
123.5326148 -46.78144252
98.04872693 -35.19617008
9.36562054 -11.46886299
-82.10282835 -3.06519685
-80.18948031 -27.35720315
-77.73552 -51.66342047
-97.66711181 -35.4632315
-113.50239118 -14.46462992
-123.10484787 -4.12618583
-139.48666583 -6.01481575
-168.86258646 -11.27531339
-198.05692724 -17.36420787
-203.6622274 0.82329449
-188.22373795 21.3759874
-169.26811087 58.77562205
-132.57334677 81.60684094
-98.48440441 92.06664567
-63.01763906 96.42519685
-38.00402646 123.98864882
-3.80404082 136.60845354
-13.33170369 114.07710236
-9.20626129 90.59138268
70.55634898 56.1648
132.84381732 -4.18045984
147.81081071 -27.81766299
163.96343811 -49.68994016
201.87980976 -61.6951937
232.74072567 -86.29844409
227.47354583 -90.66769134
206.80107591 -87.99703937
186.31735181 -89.18233701
173.80295811 -100.00165039
159.59883969 -118.47397795
149.19651024 -135.1960063
148.79220661 -134.31102992
148.38789921 -133.42605354
147.95668913 -132.34533543